0.236811 -20.7994 -20.7994 -20.7994 -20.7994 -7.9212 -7.9212 -7.92101 -7.92101 -6.508 -6.508 -6.508 -6.508 -6.50783 -6.50783 -6.50783 -6.50783 -2.83086 -2.83086 -2.83043 -2.83043 1.34399 1.34399 1.34399 1.34399 1.3442 1.3442 1.3442 1.3442 1.62227 1.62227 1.62296 1.62296
0.253091 -20.7874 -20.7874 -20.7874 -20.7874 -7.95761 -7.95761 -7.95738 -7.95738 -6.69771 -6.69771 -6.69762 -6.69762 -6.56335 -6.56335 -6.56318 -6.56318 -2.50225 -2.50225 -2.50183 -2.50183 0.998727 0.998727 0.998968 0.998968 1.56502 1.56502 1.56523 1.56523 1.79598 1.79598 1.79657 1.79657
0.296618 -20.7558 -20.7558 -20.7558 -20.7558 -8.13019 -8.13019 -8.12986 -8.12986 -6.97623 -6.97623 -6.97614 -6.97614 -6.70049 -6.70049 -6.7003 -6.7003 -1.89941 -1.89941 -1.89895 -1.89895 0.723638 0.723638 0.723762 0.723762 1.80844 1.80844 1.80891 1.80891 2.15589 2.15589 2.15612 2.15612
0.357576 -20.716 -20.716 -20.716 -20.716 -8.45121 -8.45121 -8.45082 -8.45082 -7.0576 -7.0576 -7.05736 -7.05736 -6.85674 -6.85674 -6.85655 -6.85655 -1.64323 -1.64323 -1.64277 -1.64277 0.689542 0.689542 0.689771 0.689771 2.12425 2.12425 2.12445 2.12445 2.82009 2.82009 2.82045 2.82045
0.428592 -20.6832 -20.6832 -20.6832 -20.6832 -8.7331 -8.7331 -8.73269 -8.73269 -7.02683 -7.02683 -7.02644 -7.02644 -6.97417 -6.97417 -6.97395 -6.97395 -1.70498 -1.70498 -1.70454 -1.70454 0.541303 0.541303 0.541536 0.541536 3.04983 3.04983 3.05023 3.05023 3.09389 3.09389 3.09444 3.09444
0.505443 -20.6705 -20.6705 -20.6704 -20.6704 -8.8394 -8.8394 -8.83895 -8.83895 -7.01711 -7.01711 -7.01687 -7.01687 -7.00333 -7.00333 -7.00273 -7.00273 -1.75971 -1.75971 -1.75928 -1.75928 0.456652 0.456652 0.456793 0.456793 3.12454 3.12454 3.12525 3.12525 3.48372 3.48372 3.48521 3.48521
0.505443 -20.6705 -20.6705 -20.6704 -20.6704 -8.8394 -8.8394 -8.83895 -8.83895 -7.01711 -7.01711 -7.01687 -7.01687 -7.00333 -7.00333 -7.00273 -7.00273 -1.75971 -1.75971 -1.75928 -1.75928 0.456652 0.456652 0.456793 0.456793 3.12454 3.12454 3.12525 3.12525 3.48372 3.48372 3.48521 3.48521
0.485061 -20.6798 -20.6798 -20.6612 -20.6612 -8.87203 -8.87203 -8.77285 -8.77285 -7.17154 -7.17154 -7.10726 -7.10726 -6.92256 -6.92256 -6.89574 -6.89574 -1.90831 -1.90831 -1.54031 -1.54031 0.421295 0.421295 0.585137 0.585137 2.59255 2.59255 2.88268 2.88268 3.73862 3.73862 4.05355 4.05355
0.468596 -20.6883 -20.6883 -20.6528 -20.6528 -8.87092 -8.87092 -8.68081 -8.68081 -7.3687 -7.3687 -7.1853 -7.1853 -6.8652 -6.8652 -6.83337 -6.83337 -1.93114 -1.93114 -1.34812 -1.34812 0.584065 0.584065 0.677079 0.677079 2.158 2.158 2.40337 2.40337 4.4051 4.4051 4.41339 4.41339
0.456471 -20.695 -20.695 -20.6462 -20.6462 -8.84358 -8.84358 -8.57972 -8.57972 -7.55711 -7.55711 -7.24519 -7.24519 -6.89786 -6.89786 -6.75951 -6.75951 -1.83269 -1.83269 -1.24737 -1.24737 0.588849 0.588849 0.991305 0.991305 1.8351 1.8351 2.19258 2.19258 4.0834 4.0834 4.83264 4.83264
0.449039 -20.6993 -20.6993 -20.6419 -20.6419 -8.80827 -8.80827 -8.49665 -8.49665 -7.69723 -7.69723 -7.28276 -7.28276 -6.95195 -6.95195 -6.71052 -6.71052 -1.68063 -1.68063 -1.21653 -1.21653 0.364669 0.364669 1.58206 1.58206 1.63581 1.63581 2.20922 2.20922 3.31647 3.31647 4.87033 4.87033
0.446535 -20.7008 -20.7008 -20.6405 -20.6405 -8.79154 -8.79154 -8.46363 -8.46363 -7.75022 -7.75022 -7.29555 -7.29555 -6.97778 -6.97778 -6.69333 -6.69333 -1.60169 -1.60169 -1.21178 -1.21178 0.245849 0.245849 1.56839 1.56839 2.06308 2.06308 2.24647 2.24647 2.76695 2.76695 4.8844 4.8844
0.446535 -20.7008 -20.7008 -20.6405 -20.6405 -8.79154 -8.79154 -8.46363 -8.46363 -7.75022 -7.75022 -7.29555 -7.29555 -6.97778 -6.97778 -6.69333 -6.69333 -1.60169 -1.60169 -1.21178 -1.21178 0.245849 0.245849 1.56839 1.56839 2.06308 2.06308 2.24647 2.24647 2.76695 2.76695 4.8844 4.8844
0.357228 -20.7242 -20.7242 -20.6421 -20.6421 -8.67506 -8.67506 -8.35734 -8.35734 -7.86676 -7.86676 -7.24817 -7.24817 -6.84458 -6.84458 -6.65658 -6.65658 -1.75144 -1.75144 -1.13994 -1.13994 0.419388 0.419388 1.54648 1.54648 1.62346 1.62346 2.70371 2.70371 2.90167 2.90167 3.42612 3.42612
0.267921 -20.776 -20.776 -20.6549 -20.6549 -8.49082 -8.49082 -8.09537 -8.09537 -7.84528 -7.84528 -7.11718 -7.11718 -6.61907 -6.61907 -6.55791 -6.55791 -2.21966 -2.21966 -1.05524 -1.05524 0.832559 0.832559 1.34219 1.34219 1.73269 1.73269 1.74727 1.74727 2.8539 2.8539 3.13404 3.13404
0.178614 -20.8323 -20.8323 -20.677 -20.677 -8.6123 -8.6123 -7.57028 -7.57028 -7.36905 -7.36905 -6.93855 -6.93855 -6.43996 -6.43996 -6.43203 -6.43203 -3.00217 -3.00217 -1.367 -1.367 0.745258 0.745258 1.46503 1.46503 1.61553 1.61553 1.92167 1.92167 2.14966 2.14966 2.94494 2.94494
0.0893069 -20.8745 -20.8745 -20.6971 -20.6971 -8.75613 -8.75613 -6.97721 -6.97721 -6.77573 -6.77573 -6.72386 -6.72386 -6.33499 -6.33499 -6.32886 -6.32886 -3.90009 -3.90009 -2.10804 -2.10804 0.86299 0.86299 1.20534 1.20534 1.5391 1.5391 1.88071 1.88071 2.27608 2.27608 2.82669 2.82669
5.55112e-17 -20.8901 -20.8901 -20.7051 -20.7051 -8.80961 -8.80961 -6.70765 -6.70765 -6.70765 -6.70765 -6.31427 -6.31427 -6.29 -6.29 -6.29 -6.29 -4.4099 -4.4099 -2.48514 -2.48514 1.01481 1.01481 1.01481 1.01481 1.4003 1.4003 2.02679 2.02679 2.02679 2.02679 3.25984 3.25984
0 -20.8901 -20.8901 -20.7051 -20.7051 -8.80961 -8.80961 -6.70765 -6.70765 -6.70765 -6.70765 -6.31427 -6.31427 -6.29 -6.29 -6.29 -6.29 -4.4099 -4.4099 -2.48514 -2.48514 1.01481 1.01481 1.01481 1.01481 1.4003 1.4003 2.02679 2.02679 2.02679 2.02679 3.25984 3.25984
0.0473622 -20.8858 -20.8858 -20.7098 -20.7098 -8.77203 -8.77203 -6.69826 -6.69826 -6.69826 -6.69826 -6.45694 -6.45694 -6.30115 -6.30115 -6.30115 -6.30115 -4.25824 -4.25824 -2.48732 -2.48732 1.02386 1.02386 1.02386 1.02386 1.38206 1.38206 1.97947 1.97947 1.97947 1.97947 3.33293 3.33293
0.0947243 -20.8731 -20.8731 -20.7234 -20.7234 -8.66031 -8.66031 -6.78728 -6.78728 -6.67079 -6.67079 -6.67079 -6.67079 -6.33321 -6.33321 -6.33321 -6.33321 -3.90648 -3.90648 -2.49999 -2.49999 1.05471 1.05471 1.05471 1.05471 1.34478 1.34478 1.85363 1.85363 1.85363 1.85363 3.14962 3.14962
0.142086 -20.8532 -20.8532 -20.7445 -20.7445 -8.4775 -8.4775 -7.17776 -7.17776 -6.62736 -6.62736 -6.62736 -6.62736 -6.38228 -6.38228 -6.38228 -6.38228 -3.49875 -3.49875 -2.54165 -2.54165 1.11522 1.11522 1.11522 1.11522 1.33428 1.33428 1.68462 1.68462 1.68462 1.68462 2.51952 2.51952
0.189449 -20.8278 -20.8278 -20.7707 -20.7707 -8.22868 -8.22868 -7.56541 -7.56541 -6.5715 -6.5715 -6.5715 -6.5715 -6.44266 -6.44266 -6.44266 -6.44266 -3.12292 -3.12292 -2.6415 -2.6415 1.21145 1.21145 1.21145 1.21145 1.40945 1.40945 1.50667 1.50667 1.50667 1.50667 1.99718 1.99718
0.236811 -20.7994 -20.7994 -20.7994 -20.7994 -7.9212 -7.9212 -7.92101 -7.92101 -6.508 -6.508 -6.508 -6.508 -6.50783 -6.50783 -6.50783 -6.50783 -2.83086 -2.83086 -2.83043 -2.83043 1.34399 1.34399 1.34399 1.34399 1.3442 1.3442 1.3442 1.3442 1.62227 1.62227 1.62296 1.62296
0.236811 -20.7994 -20.7994 -20.7994 -20.7994 -7.9212 -7.9212 -7.92101 -7.92101 -6.508 -6.508 -6.508 -6.508 -6.50783 -6.50783 -6.50783 -6.50783 -2.83086 -2.83086 -2.83043 -2.83043 1.34399 1.34399 1.34399 1.34399 1.3442 1.3442 1.3442 1.3442 1.62227 1.62227 1.62296 1.62296
0.25829 -20.7836 -20.7836 -20.7836 -20.7836 -7.97231 -7.97231 -7.97207 -7.97207 -6.74345 -6.74345 -6.74339 -6.74339 -6.58513 -6.58513 -6.58496 -6.58496 -2.40667 -2.40667 -2.40625 -2.40625 0.928677 0.928677 0.928903 0.928903 1.64635 1.64635 1.64654 1.64654 1.80513 1.80513 1.8057 1.8057
0.314033 -20.7435 -20.7435 -20.7435 -20.7435 -8.2052 -8.2052 -8.20484 -8.20484 -7.01138 -7.01138 -7.01123 -7.01123 -6.8004 -6.8004 -6.80024 -6.80024 -1.65415 -1.65415 -1.65365 -1.65365 0.628387 0.628387 0.62846 0.62846 1.68782 1.68782 1.68831 1.68831 2.48874 2.48874 2.48896 2.48896
0.3896 -20.6974 -20.6974 -20.6973 -20.6973 -8.51872 -8.51872 -8.51831 -8.51831 -7.23262 -7.23262 -7.23234 -7.23234 -6.92777 -6.92777 -6.92757 -6.92757 -1.18758 -1.18758 -1.18697 -1.18697 0.852466 0.852466 0.852527 0.852527 1.57912 1.57912 1.57939 1.57939 2.75847 2.75847 2.75891 2.75891
0.475635 -20.6645 -20.6645 -20.6644 -20.6644 -8.65989 -8.65989 -8.65945 -8.65945 -7.59519 -7.59519 -7.5949 -7.5949 -6.86489 -6.86489 -6.8645 -6.8645 -0.965774 -0.965774 -0.965152 -0.965152 1.19536 1.19536 1.1956 1.1956 1.94675 1.94675 1.94683 1.94683 2.52323 2.52323 2.52351 2.52351
0.567395 -20.654 -20.654 -20.6539 -20.6539 -8.64517 -8.64517 -8.64486 -8.64486 -7.79269 -7.79269 -7.79258 -7.79258 -6.83293 -6.83293 -6.83228 -6.83228 -0.836331 -0.836331 -0.835795 -0.835795 1.14354 1.14354 1.14436 1.14436 2.71198 2.71198 2.71199 2.71199 3.05941 3.05941 3.05988 3.05988
0.567395 -20.654 -20.654 -20.6539 -20.6539 -8.64517 -8.64517 -8.64486 -8.64486 -7.79269 -7.79269 -7.79258 -7.79258 -6.83293 -6.83293 -6.83228 -6.83228 -0.836331 -0.836331 -0.835795 -0.835795 1.14354 1.14354 1.14436 1.14436 2.71198 2.71198 2.71199 2.71199 3.05941 3.05941 3.05988 3.05988
0.549316 -20.6541 -20.6541 -20.654 -20.654 -8.62547 -8.62547 -8.62519 -8.62519 -7.90472 -7.90472 -7.67372 -7.67372 -6.87518 -6.87518 -6.87477 -6.87477 -0.74065 -0.74065 -0.739793 -0.739793 0.750644 0.750644 1.44069 1.44069 2.68104 2.68104 2.68183 2.68183 3.01186 3.01186 3.15894 3.15894
0.534833 -20.6542 -20.6542 -20.6541 -20.6541 -8.56992 -8.56992 -8.56968 -8.56968 -8.00056 -8.00056 -7.55957 -7.55957 -6.98783 -6.98783 -6.98762 -6.98762 -0.469418 -0.469418 -0.468249 -0.468249 0.363349 0.363349 1.58521 1.58521 2.61111 2.61111 2.61218 2.61218 3.06711 3.06711 3.0896 3.0896
0.524243 -20.6543 -20.6543 -20.6542 -20.6542 -8.49104 -8.49104 -8.49084 -8.49084 -8.07348 -8.07348 -7.4636 -7.4636 -7.13395 -7.13395 -7.13391 -7.13391 -0.0689003 -0.0689003 -0.0674099 -0.0674099 0.0500096 0.0500096 1.62771 1.62771 2.5228 2.5228 2.52365 2.52365 2.85078 2.85078 2.85161 2.85161
0.517785 -20.6544 -20.6544 -20.6543 -20.6543 -8.41502 -8.41502 -8.41485 -8.41485 -8.11895 -8.11895 -7.39913 -7.39913 -7.26203 -7.26203 -7.26196 -7.26196 -0.15148 -0.15148 0.368477 0.368477 0.370353 0.370353 1.63204 1.63204 2.31285 2.31285 2.31342 2.31342 2.59776 2.59776 2.59873 2.59873
0.515614 -20.6544 -20.6544 -20.6543 -20.6543 -8.38175 -8.38175 -8.3816 -8.3816 -8.13439 -8.13439 -7.37636 -7.37636 -7.31467 -7.31467 -7.31456 -7.31456 -0.220849 -0.220849 0.602815 0.602815 0.604995 0.604995 1.63051 1.63051 2.10003 2.10003 2.10064 2.10064 2.55019 2.55019 2.55152 2.55152
0.515614 -20.6544 -20.6544 -20.6543 -20.6543 -8.38175 -8.38175 -8.3816 -8.3816 -8.13439 -8.13439 -7.37636 -7.37636 -7.31467 -7.31467 -7.31456 -7.31456 -0.220849 -0.220849 0.602815 0.602815 0.604995 0.604995 1.63051 1.63051 2.10003 2.10003 2.10064 2.10064 2.55019 2.55019 2.55152 2.55152
0.412491 -20.6894 -20.6894 -20.64 -20.64 -8.45183 -8.45183 -8.42673 -8.42673 -7.82471 -7.82471 -7.62266 -7.62266 -7.20093 -7.20093 -7.01499 -7.01499 -0.450698 -0.450698 -0.027111 -0.027111 0.95596 0.95596 1.03404 1.03404 1.56293 1.56293 1.84741 1.84741 2.59619 2.59619 3.28084 3.28084
0.309368 -20.7478 -20.7478 -20.6464 -20.6464 -8.43106 -8.43106 -8.21685 -8.21685 -7.85175 -7.85175 -7.3872 -7.3872 -6.86661 -6.86661 -6.71793 -6.71793 -1.55715 -1.55715 0.0365941 0.0365941 0.58457 0.58457 0.615234 0.615234 1.42619 1.42619 1.79004 1.79004 2.73203 2.73203 2.93169 2.93169
0.206246 -20.8154 -20.8154 -20.6697 -20.6697 -8.55658 -8.55658 -7.66276 -7.66276 -7.60346 -7.60346 -7.00787 -7.00787 -6.55355 -6.55355 -6.48556 -6.48556 -2.66915 -2.66915 -0.987561 -0.987561 0.570556 0.570556 1.26027 1.26027 1.63829 1.63829 1.93662 1.93662 2.27076 2.27076 2.60786 2.60786
0.103123 -20.8695 -20.8695 -20.6946 -20.6946 -8.7388 -8.7388 -7.03724 -7.03724 -6.89628 -6.89628 -6.7389 -6.7389 -6.35157 -6.35157 -6.34636 -6.34636 -3.76552 -3.76552 -1.99454 -1.99454 0.818226 0.818226 1.26045 1.26045 1.58965 1.58965 1.82877 1.82877 2.36825 2.36825 2.82163 2.82163
5.55112e-17 -20.8901 -20.8901 -20.7051 -20.7051 -8.80961 -8.80961 -6.70765 -6.70765 -6.70765 -6.70765 -6.31427 -6.31427 -6.29 -6.29 -6.29 -6.29 -4.4099 -4.4099 -2.48514 -2.48514 1.01481 1.01481 1.01481 1.01481 1.4003 1.4003 2.02679 2.02679 2.02679 2.02679 3.25984 3.25984
